# id	left	top	right	bottom	texture_id
[SPRITES]

 #Ground
20001	239	222	254	237	10
20002	290	171	305	186	10

20003	222	222	237	237	10
20004	273	171	288	186	10
20005	256	222	271	237	10
20006	307	171	322	186	10

 #PinkBlock
20011	1	52	16	67	10
20012	1	69	16	84	10
20013	1	86	16	101	10

20014	18	52	33	67	10
20015	18	69	33	84	10
20016	18	86	33	101	10

20017	35	52	50	67	10
20018	35	69	50	84	10
20019	35	86	50	101	10

 #BlueBlock
20021	52	52	67	67	10
20022	52	69	67	84	10
20023	52	86	67	101	10

20024	69	52	84	67	10
20025	69	69	84	84	10
20026	69	86	84	101	10

20027	86	52	101	67	10
20028	86	69	101	84	10
20029	86	86	101	101	10

 #GreenBlock
20031	52	1	67	16	10
20032	52	18	67	33	10
20033	52	35	67	50	10

20034	69	1	84	16	10
20035	69	18	84	33	10
20036	69	35	84	50	10

20037	86	1	101	16	10
20038	86	18	101	33	10
20039	86	35	101	50	10

 #WhiteBlock
20041	1	1	16	16	10
20042	1	18	16	33	10
20043	1	35	16	50	10

20044	18	1	33	16	10
20045	18	18	33	33	10
20046	18	35	33	50	10

20047	35	1	50	16	10
20048	35	18	50	33	10
20049	35	35	50	50	10

 #Brick
20051	324	171	339	186	10
20052	273	154	288	169	10
20053	290	188	305	203	10

 #Bush
20061	137	18	152	33	20
20062	138	1	153	16	20
20063	137	52	152	67	20
20064	154	35	169	50	20
20065	137	35	152	50	20
20066	154	18	169	33	20
20067	154	1	169	16	20

 #Grass
20071	222	205	237	220	20

 #Shadow
20081	69	103	84	118	20
20082	86	103	101	118	20
20083	103	103	118	118	20
20084	103	86	118	101	20
20085	103	69	118	84	20

 #Sewer
20091	324	52	339	67	20
20092	341	52	356	67	20
20093	324	69	339	84	20
20094	341	69	356	84	20

 #Cloud
20101	222	188	237	203	20

 #Black_BG
20111	103	52	118	67	20
20112	120	52	135	67	20

 #Black_Obj
20121	103	1	118	16	20
20122	103	18	118	33	20
20123	120	1	135	16	20
20124	120	18	135	33	20

 #Black_Square
20131	137	86	152	101	20
20132	137	103	152	118	20
20133	154	86	169	101	20
20134	154	103	169	118	20

 #Blocker
20141	460	256	475	271	20

# ani_id	sprite1_id	time1	sprite2_id	time2	...
[ANIMATIONS]
 #Ground
100001	20001	100
100002	20002	100
100003	20003	100
100004	20004	100
100005	20005	100
100006	20006	100

 #PinkBlock
300011	20011	100
300014	20014	100
300017	20017	100

200012	20012	100
200013	20013	100
200015	20015	100
200016	20016	100
200018	20018	100
200019	20019	100

 #BlueBlock
300021	20021	100
300024	20024	100
300027	20027	100

200022	20022	100
200023	20023	100
200025	20025	100
200026	20026	100
200028	20028	100
200029	20029	100

 #GreenBlock
300031	20031	100
300034	20034	100
300037	20037	100

200032	20032	100
200033	20033	100
200035	20035	100
200036	20036	100
200038	20038	100
200039	20039	100

 #WhiteBlock
300041	20041	100
300044	20044	100
300047	20047	100

200042	20042	100
200043	20043	100
200045	20045	100
200046	20046	100
200048	20048	100
200049	20049	100

 #Brick
100051	20051	100
100052	20052	100
100053	20053	100

 #Bush
200061	20061	100
200062	20062	100
200063	20063	100
200064	20064	100
200065	20065	100
200066	20066	100
200067	20067	100

 #Grass
200071	20071	100

 #Shadow
200081	20081	100
200082	20082	100
200083	20083	100
200084	20084	100
200085	20085	100

 #Sewer
100091	20091	100
100092	20092	100
100093	20093	100
100094	20094	100

 #Cloud
100101	20101	100

 #BlackBG
200111	20111	100
200112	20112	100

 #Black_obj
200121	20121	100
200122	20122	100
200123	20123	100
200124	20124	100

 #Black_Square
200131	20131	100
200132	20132	100
200133	20133	100
200134	20134	100

 #Blocker
100141	20141	100




