# id	left	top	right	bottom	texture_id
[SPRITES]
############ BIG ################
 #TUNEL
13000	355	483	370	510	0

 #IDLE
12001	216	243	229	270	0
12002	176	243	189	270	0

 #WALKING_LEFT
12011	135	243	150	270	0
12012	95	243	110	270	0

 #WALKING_RIGHT
12021	255	243	270	270	0
12022	295	243	310	270	0

 #RUNNING_RIGHT
12031	255	243	270	270	0
12032	295	243	310	270	0

 #RUNNING_LEFT
12041	135	243	150	270	0
12042	95	243	110	270	0

 #JUMP_WALK_RIGHT_LEFT
12051	335	244	350	269	0
12052	55	244	70	269	0

 #JUMP_RUN_RIGHT_LEFT
12061	333	364	351	389	0
12062	54	364	72	389	0

 #SIT_RIGHT/LEFT
12071	376	248	389	265	0
12072	16	248	29	265	0

 #BRACING_RIGHT/LEFT
12081	175	283	190	310	0
12082	215	283	230	310	0

############ SMALL ################

 #MARIO_DIE
11000	375	209	390	224	0

 #IDLE
11001	217	89	228	103	0
11002	177	89	188	103	0

 #WALKING_LEFT
11011	175	169	190	184	0
11012	135	169	150	184	0

 #WALKING_RIGHT
11021	215	169	230	184	0
11022	255	169	270	184	0

 #RUNNING_RIGHT
11031	215	169	230	184	0
11032	255	169	270	184	0

 #RUNNING_LEFT
11041	175	169	190	184	0
11042	135	169	150	184	0

 #JUMP_WALK_RIGHT_LEFT
11051	335	89	350	104	0
11052	55	89	70	104	0

 #JUMP_RUN_RIGHT_LEFT
11061	175	209	190	224	0
11062	215	209	230	224	0

 #BRACING_RIGHT/LEFT
11071	176	129	189	144	0
11072	216	129	229	144	0

############ TAIL ################

 #IDLE
13001	212	443	232	470	0
13002	173	443	193	470	0

 #WALKING_LEFT
13011	122	443	144	470	0
13012	92	443	114	470	0

 #WALKING_RIGHT
13021	262	443	284	470	0
13022	291	443	313	470	0

 #RUNNING_RIGHT
13031	262	443	284	470	0
13032	291	443	313	470	0

 #RUNNING_LEFT
13041	122	443	144	470	0
13042	92	443	114	470	0

 #JUMP_WALK_RIGHT_LEFT
13051	52	443	74	469	0
13052	331	443	353	469	0

 #JUMP_RUN_RIGHT_LEFT
13061	371	603	394	629	0
13062	331	603	354	629	0
13063	291	603	314	629	0

13064	11	603	34	629	0
13065	51	603	74	629	0
13066	91	603	114	629	0

 #BRACING_RIGHT/LEFT
13071	175	482	190	511	0
13072	215	482	230	511	0

 #SIT_RIGHT/LEFT
13081	372	448	393	465	0
13082	12	448	33	465	0

 #TAIL_SWIPE
13091	211	523	242	550	0
13092	355	483	370	510	0
13093	163	523	194	550	0



# ani_id	sprite1_id	time1	sprite2_id	time2	...
[ANIMATIONS]
#BIG_MARIO
400	12001	100
401	12002	100

500	12021	100	12022	100

501	12011	100	12012	100

600	12031	50	12032	50

601	12041	50	12042	50

700	12051	100

701	12052	100

800	12061	100
801	12062	100

900	12071	100
901	12072	100

1000	12081	100
1001	12082	100

#SMALL_MARIO

999	11000	100

2100	11001	100
2102	11002	100

2200	11021	100	11022	100

2201	11011	100	11012	100

2300	11031	50	11032	50

2301	11041	50	11042	50

2500	11051	100
2501	11052	100

2600	11062	100
2601	11061	100

2400	11071	100
2401	11072	100

#TAIL_MARIO

950	13000	100

1100	13001	100
1101	13002	100

1200	13021	100	13022	100

1201	13011	100	13012	100

1300	13031	50	13032	50

1301	13041	50	13042	50

1501	13051	100
1500	13052	100

1600	13061	100	13062	100	13063	100
1601	13064	100	13065	100	13066	100

1400	13071	100
1401	13072	100

902	13081	100
903	13082	100

911	13091	100	13092	100	13093	100

912	13093	100	13092	100	13091	100








