# id	left	top	right	bottom	texture_id
[SPRITES]
#Eater
9001	96	145	111	175	23
9002	112	145	127	175	23
9003	128	145	143	175	23
9004	144	145	159	175	23
9005	160	145	175	175	23
9006	176	145	191	175	23

#GreenEater
1101	0	145	15	175	23
1102	16	145	31	175	23
1103	32	145	47	175	23
1104	48	145	63	175	23
1105	64	145	79	175	23
1106	80	145	95	175	23

#Bullet
1107	164	180	171	187	23
1108	180	180	187	187	23
1109	164	197	171	204	23
1110	180	196	187	203	23



# ani_id	sprite1_id	time1	sprite2_id	time2	...
[ANIMATIONS]
#Eater
29001	9001	100	9002	100
29002	9003	100	9004	100
29003	9005	100	9006	100

#GreenEater
31001	1101	100	1102	100
31002	1103	100	1104	100
31003	1105	100	1106	100

#Piranha
32001	1101	100	1102	100

#Bullet
33001	1107	100	1108	100	1109	100	1110	100